0.200814 0.531879 0.831219 0.527547 0.578695 0.850769 0.543691 0.876611 0.803224 0.146962 0.154324 0.015453 0.586149 0.151260 0.902199 0.092277 0.616574 0.468580 0.892546 0.830569 0.773336 0.804705 0.173551 0.582411 0.563574 0.998168 0.328873 0.112181 0.856342 0.258604 0.807109 0.603672 
0.200814 0.531879 0.825033 0.527547 0.551550 0.863652 0.440478 0.672146 0.857518 0.151576 0.154324 0.146954 0.586149 0.151260 0.037990 0.140661 0.533951 0.357941 0.887124 0.830569 0.773336 0.804705 0.173551 0.734420 0.563574 0.931982 0.207672 0.112181 0.859526 0.145921 0.691877 0.603672 
0.200814 0.526752 0.831219 0.527547 0.551550 0.863652 0.331438 0.606542 0.716420 0.146962 0.154324 0.015453 0.547119 0.151260 0.161339 0.140661 0.510506 0.491154 0.887124 0.658816 0.773336 0.804705 0.173551 0.582411 0.465526 0.931982 0.207672 0.005217 0.856342 0.258604 0.807109 0.603672 
0.200814 0.531879 0.825033 0.527547 0.551550 0.850769 0.440478 0.672146 0.857518 0.151576 0.154324 0.015453 0.586149 0.151260 0.037990 0.140661 0.533951 0.491154 0.887124 0.691474 0.773336 0.868735 0.173551 0.734420 0.569872 0.935739 0.207672 0.112181 0.856342 0.145921 0.816643 0.603672 
0.200814 0.531879 0.831219 0.527547 0.551550 0.863652 0.439047 0.876611 0.803224 0.146962 0.154324 0.015453 0.586149 0.151260 0.009756 0.140661 0.533951 0.491154 0.887124 0.830569 0.773336 0.804705 0.173551 0.582411 0.465526 0.931982 0.207672 0.112181 0.859526 0.258604 0.816643 0.603672 
0.200814 0.531879 0.825033 0.527547 0.551550 0.850769 0.439047 0.606542 0.803224 0.159758 0.104443 0.015453 0.586149 0.151260 0.037990 0.010319 0.539568 0.334552 0.953313 0.830569 0.658829 0.804705 0.173551 0.724728 0.569872 0.931982 0.328873 0.143896 0.856342 0.164982 0.807109 0.603672 
0.200814 0.526752 0.825033 0.527547 0.551550 0.827324 0.439047 0.876611 0.857518 0.164395 0.099931 0.015453 0.547119 0.151260 0.161339 0.140661 0.533951 0.334552 0.944920 0.698716 0.773336 0.804705 0.173551 0.608554 0.465526 0.931982 0.207672 0.112181 0.856342 0.185772 0.807109 0.603672 
0.200814 0.580917 0.825033 0.527547 0.551550 0.850769 0.331438 0.672146 0.857518 0.159758 0.154324 0.015453 0.586149 0.151260 0.037990 0.140661 0.539568 0.357941 0.944920 0.830569 0.773336 0.857448 0.173551 0.608554 0.699943 0.931982 0.207672 0.112181 0.978460 0.145921 0.807109 0.603672 
0.200814 0.564170 0.831219 0.527547 0.551550 0.850769 0.331438 0.876611 0.774408 0.146962 0.154324 0.144738 0.547119 0.151260 0.009756 0.092277 0.533951 0.468580 0.887124 0.698716 0.773336 0.804705 0.173551 0.597705 0.563574 0.998168 0.207672 0.112181 0.856342 0.145921 0.807109 0.603672 
0.200814 0.531879 0.825033 0.527547 0.551550 0.872104 0.439047 0.876611 0.803224 0.159758 0.154324 0.015453 0.547119 0.151260 0.009756 0.092277 0.539568 0.286441 0.887124 0.691474 0.773336 0.857448 0.160526 0.608554 0.569872 0.931982 0.207672 0.112181 0.859526 0.258604 0.816643 0.607225 
0.200814 0.531879 0.825033 0.527547 0.551550 0.827324 0.439047 0.672146 0.857518 0.164395 0.154324 0.015453 0.586149 0.151260 0.037990 0.140661 0.533951 0.334552 0.887124 0.691474 0.773336 0.857448 0.173551 0.582411 0.563574 0.931982 0.207672 0.112181 0.978460 0.145921 0.807109 0.603672 
0.200814 0.531879 0.825033 0.527547 0.551550 0.869552 0.331438 0.876611 0.716420 0.088583 0.104443 0.015453 0.597699 0.151260 0.084898 0.140661 0.553744 0.468580 0.887124 0.691474 0.773336 0.804705 0.173551 0.880268 0.595053 0.961437 0.328873 0.112181 0.856342 0.145921 0.807109 0.603672 
0.200814 0.531879 0.831219 0.527547 0.551550 0.863652 0.439047 0.876611 0.803224 0.146962 0.154324 0.015453 0.586149 0.151260 0.009756 0.092277 0.533951 0.491154 0.887124 0.830569 0.874727 0.804705 0.173551 0.582411 0.479338 0.888701 0.207672 0.112181 0.859526 0.258604 0.816643 0.603672 
0.200814 0.629520 0.831219 0.527547 0.551550 0.869552 0.331438 0.606542 0.803224 0.146962 0.154324 0.015453 0.547119 0.151260 0.161339 0.140661 0.533951 0.491154 0.887124 0.658816 0.773336 0.804705 0.173551 0.582411 0.465526 0.931982 0.207672 0.005217 0.856342 0.258604 0.807109 0.603672 
0.200814 0.531879 0.825033 0.527547 0.551550 0.863652 0.440478 0.666815 0.857518 0.151576 0.154324 0.015453 0.586149 0.151260 0.161339 0.140661 0.533951 0.357941 0.887124 0.691474 0.773336 0.804705 0.173551 0.734420 0.563574 0.998168 0.207672 0.112181 0.978460 0.145921 0.807109 0.603672 
0.200814 0.531879 0.825033 0.527547 0.551550 0.863652 0.440478 0.876611 0.857518 0.151576 0.154324 0.015453 0.586149 0.264602 0.037990 0.140661 0.533951 0.357941 0.887124 0.830569 0.773336 0.857448 0.257312 0.734420 0.563574 0.931982 0.137295 0.112181 0.856342 0.258604 0.691877 0.548031 
0.200814 0.531879 0.825033 0.527547 0.551550 0.863652 0.439047 0.876611 0.857518 0.151576 0.154324 0.015453 0.586149 0.151260 0.037990 0.092277 0.533951 0.491154 0.887124 0.830569 0.773336 0.804705 0.173551 0.734420 0.569872 0.935739 0.207672 0.112181 0.859526 0.145921 0.816643 0.603672 
0.200814 0.531879 0.825033 0.527547 0.551550 0.850769 0.439047 0.672146 0.857518 0.164395 0.202056 0.015453 0.547119 0.151260 0.037990 0.140661 0.533951 0.357941 0.887124 0.691474 0.874727 0.804705 0.173551 0.631508 0.498016 0.998168 0.207672 0.112181 0.978460 0.258604 0.807109 0.603672 
0.200814 0.526752 0.831219 0.527547 0.551550 0.962612 0.331438 0.876611 0.803224 0.146962 0.154324 0.015453 0.586149 0.151260 0.009756 0.140661 0.539568 0.468580 0.887124 0.830569 0.773336 0.857448 0.173551 0.597705 0.465526 0.931982 0.095039 0.112181 0.859526 0.258604 0.807109 0.603672 
0.076110 0.551938 0.831219 0.527547 0.551550 0.863652 0.439047 0.606542 0.716420 0.164395 0.154324 0.015453 0.547119 0.151260 0.161339 0.140661 0.533951 0.491154 0.887124 0.691474 0.773336 0.804705 0.173551 0.582411 0.465526 0.931982 0.328873 0.005217 0.856342 0.258604 0.807109 0.603672 
0.200814 0.531879 0.831219 0.527547 0.551550 0.850769 0.331438 0.876611 0.803224 0.146962 0.154324 0.015453 0.586149 0.151260 0.009756 0.092277 0.533951 0.468580 0.887124 0.698716 0.773336 0.804705 0.173551 0.582411 0.563574 0.998168 0.207672 0.112181 0.856342 0.258604 0.807109 0.603672 
0.200814 0.531879 0.825033 0.527547 0.551550 0.863652 0.439047 0.876611 0.857518 0.164395 0.154324 0.015453 0.586149 0.151260 0.037990 0.140661 0.533951 0.491154 0.887124 0.691474 0.773336 0.857448 0.173551 0.608554 0.685224 0.931982 0.283896 0.112181 0.859526 0.145921 0.807109 0.603672 
0.200814 0.629520 0.831219 0.527547 0.551550 0.869552 0.306345 0.606542 0.803224 0.146962 0.154324 0.015453 0.586149 0.151260 0.009756 0.092277 0.533951 0.468580 0.887124 0.698716 0.874727 0.804705 0.173551 0.582411 0.563574 0.931982 0.207672 0.005217 0.856342 0.350937 0.807109 0.603672 
0.200814 0.531879 0.825033 0.527547 0.551550 0.850769 0.440478 0.672146 0.857518 0.151576 0.154324 0.015453 0.586149 0.151260 0.037990 0.140661 0.533951 0.357941 0.887124 0.691474 0.773336 0.857448 0.173551 0.734420 0.563574 0.931982 0.207672 0.112181 0.856342 0.145921 0.807109 0.603672 
0.200814 0.531879 0.825033 0.527547 0.551550 0.850769 0.331438 0.876611 0.803224 0.146962 0.154324 0.015453 0.586149 0.151260 0.009756 0.092277 0.533951 0.468580 0.887124 0.552102 0.773336 0.804705 0.173551 0.582411 0.563574 0.998168 0.316544 0.112181 0.856342 0.258604 0.807109 0.603672 
0.200814 0.531879 0.825033 0.527547 0.551550 0.850769 0.439047 0.672146 0.857518 0.164395 0.154324 0.015453 0.586149 0.151260 0.037990 0.140661 0.533951 0.357941 0.887124 0.691474 0.773336 0.857448 0.173551 0.608554 0.563574 0.931982 0.207672 0.112181 0.978460 0.145921 0.807109 0.603672 
0.200814 0.526752 0.825033 0.527547 0.467596 0.850769 0.439047 0.876611 0.857518 0.164395 0.202056 0.015453 0.547119 0.151260 0.236354 0.140661 0.533951 0.544776 0.887124 0.830569 0.773336 0.857448 0.173551 0.608554 0.563574 0.931982 0.207672 0.112181 0.978460 0.145921 0.807109 0.603672 
0.200814 0.526752 0.785943 0.527547 0.544957 0.040147 0.331438 0.672146 0.803224 0.159758 0.202056 0.015453 0.547119 0.151260 0.161339 0.140661 0.533951 0.468580 0.887124 0.691474 0.773336 0.828011 0.173551 0.597705 0.569872 0.886285 0.334061 0.112181 0.856342 0.145921 0.807109 0.603672 
0.200814 0.551938 0.831219 0.559094 0.551550 0.869552 0.331438 0.876611 0.803224 0.187644 0.154324 0.015453 0.547119 0.151260 0.009756 0.092277 0.539568 0.491154 0.887124 0.691474 0.773336 0.804705 0.173551 0.582411 0.465526 0.998168 0.328873 0.005217 0.856342 0.258604 0.807109 0.603672 
0.200814 0.531879 0.825033 0.527547 0.551550 0.850769 0.439047 0.672146 0.857518 0.146962 0.154324 0.015453 0.586149 0.151260 0.980514 0.140661 0.533951 0.357941 0.944920 0.830569 0.773336 0.857448 0.173551 0.825322 0.465526 0.931982 0.207672 0.112181 0.756386 0.145921 0.816643 0.603672 
